4 28305 31601 0.10593700408935547
4 28305 28305 0.33080601692199707
4 32049 35569 0.328599214553833
4 29841 24337 0.33829641342163086
4 28305 25905 0.3618626594543457
4 30065 34033 0.438570499420166
4 24337 31825 0.33411097526550293
4 26097 26097 0.25171446800231934
4 31825 34033 0.26838231086730957
4 30289 31825 0.2395031452178955
5 103217 98833 0.7380797863006592
5 120401 114449 0.701836109161377
5 102545 96881 0.6042468547821045
5 79441 91121 0.5149118900299072
5 122161 112913 0.7950985431671143
5 116209 108753 0.7140018939971924
5 121937 102353 0.6813969612121582
5 108945 102353 0.6686756610870361
5 100369 97297 0.6580657958984375
5 102577 102193 0.6325681209564209
6 418513 445297 2.784393548965454
6 420913 429393 3.513683557510376
6 454225 447025 2.4750168323516846
6 443409 430225 2.1303858757019043
6 377649 384657 2.129570484161377
6 433489 392209 2.055138111114502
6 443633 416785 2.4934258460998535
6 405521 404433 2.06093430519104
6 392785 410705 2.013509750366211
6 440785 478193 2.562317132949829
7 1698257 1662545 8.61082911491394
7 1606417 1587953 7.841008901596069
7 1727569 1710065 7.94265079498291
7 1661169 1654001 8.243475198745728
7 1669457 1681201 8.221698760986328
7 1676881 1673073 8.413583517074585
7 1637105 1606097 8.04829716682434
7 1639665 1649681 8.092474699020386
7 1794545 1791889 8.644544839859009
7 1663217 1638481 8.087221384048462
8 6709713 6667249 30.35357117652893
8 6772657 6770737 31.708787202835083
8 6816913 6900721 30.95726227760315
8 6741521 6600849 31.37394618988037
8 6843505 6815729 30.852748155593872
8 6920881 6900945 31.453705549240112
8 6722929 6643889 32.59459972381592
8 6726961 6700977 30.36747431755066
8 6694577 6699761 30.370413780212402
8 6664817 6746513 30.15474796295166
9 26948177 26739857 178.63737893104553
9 26827697 26803633 144.5190246105194
9 27010705 27199953 128.9022605419159
9 27075313 27010481 116.40317440032959
9 26865553 26910545 126.70256495475769
9 26920113 26904529 119.57836508750916
9 27111953 27105489 112.91093564033508
9 26970321 26969233 111.08160519599915
